# Area=0.002716557169375 sq deg 
# Col 1 = bin center in AB mag 
# Col 2 = N = Number of galaxies 
# Col 3 = N/A = number per sq deg 
# Col 4 = sqrt(N)/A = poisson error in N/A0.25    0.0    0.0    0.0 
0.75    0.0    0.0    0.0 
1.25    0.0    0.0    0.0 
1.75    0.0    0.0    0.0 
2.25    0.0    0.0    0.0 
2.75    0.0    0.0    0.0 
3.25    0.0    0.0    0.0 
3.75    0.0    0.0    0.0 
4.25    0.0    0.0    0.0 
4.75    0.0    0.0    0.0 
5.25    0.0    0.0    0.0 
5.75    0.0    0.0    0.0 
6.25    0.0    0.0    0.0 
6.75    0.0    0.0    0.0 
7.25    0.0    0.0    0.0 
7.75    0.0    0.0    0.0 
8.25    0.0    0.0    0.0 
8.75    0.0    0.0    0.0 
9.25    0.0    0.0    0.0 
9.75    0.0    0.0    0.0 
10.25    0.0    0.0    0.0 
10.75    0.0    0.0    0.0 
11.25    0.0    0.0    0.0 
11.75    0.0    0.0    0.0 
12.25    0.0    0.0    0.0 
12.75    0.0    0.0    0.0 
13.25    0.0    0.0    0.0 
13.75    0.0    0.0    0.0 
14.25    0.0    0.0    0.0 
14.75    0.0    0.0    0.0 
15.25    0.0    0.0    0.0 
15.75    0.0    0.0    0.0 
16.25    0.9999999999999999    368.11299658017896    368.11299658017896 
16.75    0.0    0.0    0.0 
17.25    5.0    1840.5649829008948    823.1256837544279 
17.75    3.0000000000000004    1104.338989740537    637.5904130032983 
18.25    12.000000000000002    4417.355958962148    1275.1808260065966 
18.75    19.0    6994.146935023401    1604.5673518969338 
19.25    31.000000000000004    11411.50289398555    2049.56642385369 
19.75    35.0    12883.954880306264    2177.785856964215 
20.25    36.0    13252.067876886444    2208.677979481074 
20.75    43.0    15828.858852947697    2413.878345071116 
21.25    66.0    24295.45777429181    2990.564121463 
21.75    73.0    26872.248750353065    3145.1588214811086 
22.25    101.0    37179.412654598076    3699.4898301488984 
22.75    110.00000000000001    40492.42962381969    3860.8016793972047 
23.25    153.0    56321.28847676738    4553.306301188131 
23.75    211.0    77671.84227841777    5347.15013918736 
24.25    273.0    100494.84806638886    6082.22489411467 
24.75    383.0    140987.27769020855    7204.113357674522 
25.25    535.0    196940.45317039575    8514.478279049914 
25.75    825.0    303693.22217864764    10573.240849298387 
26.25    1347.0    495848.2063935011    13510.298631207925 
26.75    2132.0    784816.9087089415    16997.096929524207 
27.25    3268.0000000000005    1202993.272824025    21043.703536332396 
27.75    3457.0000000000005    1272566.6291776788    21643.66686156791 
28.25    976.0    359278.2846622547    11500.217648949481 
28.75    133.0    48959.028545163805    4245.286174972751 
29.25    15.999999999999998    5889.807945282863    1472.4519863207158 
29.75    18.0    6626.033938443222    1561.7711767484695 
30.25    7.0    2576.790976061253    973.9354433219238 
30.75    5.0    1840.5649829008948    823.1256837544279 
31.25    0.9999999999999999    368.11299658017896    368.11299658017896 
31.75    0.0    0.0    0.0 
32.25    0.0    0.0    0.0 
32.75    0.0    0.0    0.0 
33.25    0.0    0.0    0.0 
33.75    0.0    0.0    0.0 
34.25    0.0    0.0    0.0 
34.75    0.0    0.0    0.0 
35.25    0.0    0.0    0.0 
35.75    0.0    0.0    0.0 
36.25    0.0    0.0    0.0 
36.75    0.0    0.0    0.0 
37.25    0.0    0.0    0.0 
37.75    0.0    0.0    0.0 
38.25    0.0    0.0    0.0 
38.75    0.0    0.0    0.0 
39.25    0.0    0.0    0.0 
39.75    0.0    0.0    0.0 
