# Area=0.0026178851385416668 sq deg 
# Col 1 = bin center in AB mag 
# Col 2 = N = Number of galaxies 
# Col 3 = N/A = number per sq deg 
# Col 4 = sqrt(N)/A = poisson error in N/A0.25    0.0    0.0    0.0 
0.75    0.0    0.0    0.0 
1.25    0.0    0.0    0.0 
1.75    0.0    0.0    0.0 
2.25    0.0    0.0    0.0 
2.75    0.0    0.0    0.0 
3.25    0.0    0.0    0.0 
3.75    0.0    0.0    0.0 
4.25    0.0    0.0    0.0 
4.75    0.0    0.0    0.0 
5.25    0.0    0.0    0.0 
5.75    0.0    0.0    0.0 
6.25    0.0    0.0    0.0 
6.75    0.0    0.0    0.0 
7.25    0.0    0.0    0.0 
7.75    0.0    0.0    0.0 
8.25    0.0    0.0    0.0 
8.75    0.0    0.0    0.0 
9.25    0.0    0.0    0.0 
9.75    0.0    0.0    0.0 
10.25    0.0    0.0    0.0 
10.75    0.0    0.0    0.0 
11.25    0.0    0.0    0.0 
11.75    0.0    0.0    0.0 
12.25    0.0    0.0    0.0 
12.75    0.0    0.0    0.0 
13.25    0.0    0.0    0.0 
13.75    0.0    0.0    0.0 
14.25    0.0    0.0    0.0 
14.75    0.0    0.0    0.0 
15.25    0.0    0.0    0.0 
15.75    0.0    0.0    0.0 
16.25    0.0    0.0    0.0 
16.75    1.0    381.98772943761213    381.98772943761213 
17.25    5.0    1909.9386471880607    854.1505295932983 
17.75    5.999999999999999    2291.9263766256727    935.6750251264667 
18.25    13.0    4965.840482688958    1377.2763450853756 
18.75    23.0    8785.71777706508    1831.9487943555503 
19.25    23.0    8785.71777706508    1831.9487943555503 
19.75    36.0    13751.558259754038    2291.9263766256727 
20.25    34.0    12987.582800878812    2227.3520747718985 
20.75    49.0    18717.398742442994    2673.914106063285 
21.25    60.0    22919.26376625673    2958.8642291349133 
21.75    81.0    30941.006084446584    3437.8895649385095 
22.25    100.0    38198.772943761214    3819.8772943761214 
22.75    114.0    43546.60115588779    4078.5128785211496 
23.25    165.0    63027.97535720601    4906.721226822337 
23.75    225.0    85947.23912346273    5729.815941564182 
24.25    287.0    109630.47834859468    6471.282523699532 
24.75    378.0    144391.3617274174    7426.69027337623 
25.25    541.0    206655.36162574816    8884.80795310333 
25.75    715.0    273121.2265478927    10214.154746734808 
26.25    1013.0    386953.5699203011    12157.775930310367 
26.75    1409.0    538220.7107775955    14338.539229859904 
27.25    1978.0000000000002    755571.7288275969    16988.79422213669 
27.75    2664.0    1017615.3112217988    19715.89617984848 
28.25    2579.0    985146.3542196017    19398.80973183889 
28.75    1132.0    432410.1097233769    12852.056489103272 
29.25    184.0    70285.74221652064    5181.533661101319 
29.75    44.0    16807.460095254934    2533.8199461287113 
30.25    16.0    6111.803671001794    1527.9509177504485 
30.75    16.0    6111.803671001794    1527.9509177504485 
31.25    2.0    763.9754588752243    540.2122276307755 
31.75    2.0    763.9754588752243    540.2122276307755 
32.25    0.0    0.0    0.0 
32.75    0.0    0.0    0.0 
33.25    0.0    0.0    0.0 
33.75    0.0    0.0    0.0 
34.25    0.0    0.0    0.0 
34.75    0.0    0.0    0.0 
35.25    0.0    0.0    0.0 
35.75    0.0    0.0    0.0 
36.25    0.0    0.0    0.0 
36.75    0.0    0.0    0.0 
37.25    0.0    0.0    0.0 
37.75    0.0    0.0    0.0 
38.25    0.0    0.0    0.0 
38.75    0.0    0.0    0.0 
39.25    0.0    0.0    0.0 
39.75    0.0    0.0    0.0 
