# Area=0.002653177490208333 sq deg 
# Col 1 = bin center in AB mag 
# Col 2 = N = Number of galaxies 
# Col 3 = N/A = number per sq deg 
# Col 4 = sqrt(N)/A = poisson error in N/A0.25    0.0    0.0    0.0 
0.75    0.0    0.0    0.0 
1.25    0.0    0.0    0.0 
1.75    0.0    0.0    0.0 
2.25    0.0    0.0    0.0 
2.75    0.0    0.0    0.0 
3.25    0.0    0.0    0.0 
3.75    0.0    0.0    0.0 
4.25    0.0    0.0    0.0 
4.75    0.0    0.0    0.0 
5.25    0.0    0.0    0.0 
5.75    0.0    0.0    0.0 
6.25    0.0    0.0    0.0 
6.75    0.0    0.0    0.0 
7.25    0.0    0.0    0.0 
7.75    0.0    0.0    0.0 
8.25    0.0    0.0    0.0 
8.75    0.0    0.0    0.0 
9.25    0.0    0.0    0.0 
9.75    0.0    0.0    0.0 
10.25    0.0    0.0    0.0 
10.75    0.0    0.0    0.0 
11.25    0.0    0.0    0.0 
11.75    0.0    0.0    0.0 
12.25    0.0    0.0    0.0 
12.75    0.0    0.0    0.0 
13.25    0.0    0.0    0.0 
13.75    0.0    0.0    0.0 
14.25    0.0    0.0    0.0 
14.75    0.0    0.0    0.0 
15.25    0.0    0.0    0.0 
15.75    0.0    0.0    0.0 
16.25    0.0    0.0    0.0 
16.75    1.0    376.9065596593305    376.9065596593305 
17.25    6.0    2261.4393579559833    923.2287518732261 
17.75    3.0    1130.7196789779916    652.8213110359507 
18.25    16.0    6030.504954549288    1507.626238637322 
18.75    18.0    6784.318073867949    1599.0791052528277 
19.25    32.0    12061.009909098577    2132.1054736704373 
19.75    28.999999999999996    10930.290230120585    2029.703940655568 
20.25    38.0    14322.44926705456    2323.408074174839 
20.75    42.0    15830.075505691882    2442.6336806811137 
21.25    68.0    25629.646056834477    3108.051112927168 
21.75    75.0    28267.99197444979    3264.1065551797537 
22.25    87.0    32790.87069036176    3515.5503495382095 
22.75    108.0    40705.9084432077    3916.9278662157044 
23.25    153.0    57666.70362787757    4662.076669390752 
23.75    209.0    78773.47096880009    5448.874923805335 
24.25    273.0    102895.49078699724    6227.518401175982 
24.75    345.0    130032.76308246904    7000.7286318218485 
25.25    474.0    178653.70927852267    8205.836638304847 
25.75    689.0    259688.61960527874    9893.348482597092 
26.25    893.0    336577.5577757822    11263.138521735831 
26.75    1305.0    491863.06035542634    13615.667956515148 
27.25    1715.0    646394.7498157519    15608.664944027361 
27.75    2330.0    878192.2840062402    18193.30735419379 
28.25    2562.0    965634.6058472048    19077.578912898345 
28.75    1188.0    447764.9928752847    12990.980063124884 
29.25    164.0    61812.67578413021    4826.759054804179 
29.75    43.0    16206.982065351212    2471.541594372224 
30.25    16.0    6030.504954549288    1507.626238637322 
30.75    18.0    6784.318073867949    1599.0791052528277 
31.25    5.0    1884.5327982966528    842.7886885638432 
31.75    0.0    0.0    0.0 
32.25    0.0    0.0    0.0 
32.75    0.0    0.0    0.0 
33.25    0.0    0.0    0.0 
33.75    0.0    0.0    0.0 
34.25    0.0    0.0    0.0 
34.75    0.0    0.0    0.0 
35.25    0.0    0.0    0.0 
35.75    0.0    0.0    0.0 
36.25    0.0    0.0    0.0 
36.75    0.0    0.0    0.0 
37.25    0.0    0.0    0.0 
37.75    0.0    0.0    0.0 
38.25    0.0    0.0    0.0 
38.75    0.0    0.0    0.0 
39.25    0.0    0.0    0.0 
39.75    0.0    0.0    0.0 
