# Area=0.0026641299035416667 sq deg 
# Col 1 = bin center in AB mag 
# Col 2 = N = Number of stars 
# Col 3 = N/A = number per sq deg 
# Col 4 = sqrt(N)/A = poisson error in N/A0.25    0.0    0.0    0.0 
0.75    0.0    0.0    0.0 
1.25    0.0    0.0    0.0 
1.75    0.0    0.0    0.0 
2.25    0.0    0.0    0.0 
2.75    0.0    0.0    0.0 
3.25    0.0    0.0    0.0 
3.75    0.0    0.0    0.0 
4.25    0.0    0.0    0.0 
4.75    0.0    0.0    0.0 
5.25    0.0    0.0    0.0 
5.75    0.0    0.0    0.0 
6.25    0.0    0.0    0.0 
6.75    0.0    0.0    0.0 
7.25    0.0    0.0    0.0 
7.75    0.0    0.0    0.0 
8.25    0.0    0.0    0.0 
8.75    0.0    0.0    0.0 
9.25    0.0    0.0    0.0 
9.75    0.0    0.0    0.0 
10.25    0.0    0.0    0.0 
10.75    0.0    0.0    0.0 
11.25    0.0    0.0    0.0 
11.75    0.0    0.0    0.0 
12.25    0.0    0.0    0.0 
12.75    0.0    0.0    0.0 
13.25    0.0    0.0    0.0 
13.75    0.0    0.0    0.0 
14.25    0.0    0.0    0.0 
14.75    0.0    0.0    0.0 
15.25    0.0    0.0    0.0 
15.75    0.0    0.0    0.0 
16.25    0.0    0.0    0.0 
16.75    0.0    0.0    0.0 
17.25    0.0    0.0    0.0 
17.75    0.0    0.0    0.0 
18.25    0.0    0.0    0.0 
18.75    1.0    375.35707199210157    375.35707199210157 
19.25    2.0    750.7141439842031    530.8350619438843 
19.75    0.0    0.0    0.0 
20.25    0.0    0.0    0.0 
20.75    2.0    750.7141439842031    530.8350619438843 
21.25    2.0    750.7141439842031    530.8350619438843 
21.75    3.0    1126.0712159763048    650.1375196706086 
22.25    2.0    750.7141439842031    530.8350619438843 
22.75    4.0    1501.4282879684063    750.7141439842031 
23.25    2.0    750.7141439842031    530.8350619438843 
23.75    3.0    1126.0712159763048    650.1375196706086 
24.25    1.0    375.35707199210157    375.35707199210157 
24.75    8.0    3002.8565759368125    1061.6701238877686 
25.25    10.0    3753.5707199210156    1186.983283346837 
25.75    10.0    3753.5707199210156    1186.983283346837 
26.25    0.0    0.0    0.0 
26.75    0.0    0.0    0.0 
27.25    0.0    0.0    0.0 
27.75    0.0    0.0    0.0 
28.25    0.0    0.0    0.0 
28.75    0.0    0.0    0.0 
29.25    0.0    0.0    0.0 
29.75    0.0    0.0    0.0 
30.25    0.0    0.0    0.0 
30.75    0.0    0.0    0.0 
31.25    0.0    0.0    0.0 
31.75    0.0    0.0    0.0 
32.25    0.0    0.0    0.0 
32.75    0.0    0.0    0.0 
33.25    0.0    0.0    0.0 
33.75    0.0    0.0    0.0 
34.25    0.0    0.0    0.0 
34.75    0.0    0.0    0.0 
35.25    0.0    0.0    0.0 
35.75    0.0    0.0    0.0 
36.25    0.0    0.0    0.0 
36.75    0.0    0.0    0.0 
37.25    0.0    0.0    0.0 
37.75    0.0    0.0    0.0 
38.25    0.0    0.0    0.0 
38.75    0.0    0.0    0.0 
39.25    0.0    0.0    0.0 
39.75    0.0    0.0    0.0 
