# Area=0.0026641299035416667 sq deg 
# Col 1 = bin center in AB mag 
# Col 2 = N = Number of galaxies 
# Col 3 = N/A = number per sq deg 
# Col 4 = sqrt(N)/A = poisson error in N/A0.25    0.0    0.0    0.0 
0.75    0.0    0.0    0.0 
1.25    0.0    0.0    0.0 
1.75    0.0    0.0    0.0 
2.25    0.0    0.0    0.0 
2.75    0.0    0.0    0.0 
3.25    0.0    0.0    0.0 
3.75    0.0    0.0    0.0 
4.25    0.0    0.0    0.0 
4.75    0.0    0.0    0.0 
5.25    0.0    0.0    0.0 
5.75    0.0    0.0    0.0 
6.25    0.0    0.0    0.0 
6.75    0.0    0.0    0.0 
7.25    0.0    0.0    0.0 
7.75    0.0    0.0    0.0 
8.25    0.0    0.0    0.0 
8.75    0.0    0.0    0.0 
9.25    0.0    0.0    0.0 
9.75    0.0    0.0    0.0 
10.25    0.0    0.0    0.0 
10.75    0.0    0.0    0.0 
11.25    0.0    0.0    0.0 
11.75    0.0    0.0    0.0 
12.25    0.0    0.0    0.0 
12.75    0.0    0.0    0.0 
13.25    0.0    0.0    0.0 
13.75    0.0    0.0    0.0 
14.25    0.0    0.0    0.0 
14.75    0.0    0.0    0.0 
15.25    0.0    0.0    0.0 
15.75    0.0    0.0    0.0 
16.25    0.0    0.0    0.0 
16.75    0.0    0.0    0.0 
17.25    0.0    0.0    0.0 
17.75    1.0    375.35707199210157    375.35707199210157 
18.25    0.0    0.0    0.0 
18.75    4.0    1501.4282879684063    750.7141439842031 
19.25    0.0    0.0    0.0 
19.75    4.0    1501.4282879684063    750.7141439842031 
20.25    4.0    1501.4282879684063    750.7141439842031 
20.75    17.0    6381.070223865727    1547.6368551460073 
21.25    13.999999999999998    5254.999007889422    1404.4575610970849 
21.75    29.0    10885.355087770946    2021.3596942009176 
22.25    25.0    9383.926799802539    1876.7853599605078 
22.75    55.99999999999999    21019.996031557686    2808.9151221941697 
23.25    60.99999999999999    22896.781391518194    2931.6324498755816 
23.75    77.0    28902.494543391822    3293.7449392864723 
24.25    111.99999999999999    42039.99206311537    3972.405861361875 
24.75    186.0    69816.41539053089    5119.1879490768815 
25.25    230.99999999999997    86707.48363017545    5704.933582017037 
25.75    327.0    122741.7625414172    6787.634978304017 
26.25    469.00000000000006    176042.46676429565    8128.885832075196 
26.75    671.0    251864.59530670015    9723.124859467689 
27.25    843.9999999999999    316801.3687613337    10904.752825320904 
27.75    1022.9999999999999    383990.2846479199    12005.559916924194 
28.25    978.0000000000001    367099.21640827536    11738.538537722874 
28.75    587.0    220334.6012593636    9094.182249507756 
29.25    151.0    56678.91787080734    4612.464921890143 
29.75    35.0    13137.497519723554    2220.642385055939 
30.25    8.0    3002.8565759368125    1061.6701238877686 
30.75    6.999999999999999    2627.499503944711    993.1014653404687 
31.25    2.0    750.7141439842031    530.8350619438843 
31.75    1.0    375.35707199210157    375.35707199210157 
32.25    0.0    0.0    0.0 
32.75    0.0    0.0    0.0 
33.25    0.0    0.0    0.0 
33.75    0.0    0.0    0.0 
34.25    0.0    0.0    0.0 
34.75    0.0    0.0    0.0 
35.25    0.0    0.0    0.0 
35.75    0.0    0.0    0.0 
36.25    0.0    0.0    0.0 
36.75    0.0    0.0    0.0 
37.25    0.0    0.0    0.0 
37.75    0.0    0.0    0.0 
38.25    0.0    0.0    0.0 
38.75    0.0    0.0    0.0 
39.25    0.0    0.0    0.0 
39.75    0.0    0.0    0.0 
