# Area=0.0026784154458333333 sq deg 
# Col 1 = bin center in AB mag 
# Col 2 = N = Number of galaxies 
# Col 3 = N/A = number per sq deg 
# Col 4 = sqrt(N)/A = poisson error in N/A0.25    0.0    0.0    0.0 
0.75    0.0    0.0    0.0 
1.25    0.0    0.0    0.0 
1.75    0.0    0.0    0.0 
2.25    0.0    0.0    0.0 
2.75    0.0    0.0    0.0 
3.25    0.0    0.0    0.0 
3.75    0.0    0.0    0.0 
4.25    0.0    0.0    0.0 
4.75    0.0    0.0    0.0 
5.25    0.0    0.0    0.0 
5.75    0.0    0.0    0.0 
6.25    0.0    0.0    0.0 
6.75    0.0    0.0    0.0 
7.25    0.0    0.0    0.0 
7.75    0.0    0.0    0.0 
8.25    0.0    0.0    0.0 
8.75    0.0    0.0    0.0 
9.25    0.0    0.0    0.0 
9.75    0.0    0.0    0.0 
10.25    0.0    0.0    0.0 
10.75    0.0    0.0    0.0 
11.25    0.0    0.0    0.0 
11.75    0.0    0.0    0.0 
12.25    0.0    0.0    0.0 
12.75    0.0    0.0    0.0 
13.25    0.0    0.0    0.0 
13.75    0.0    0.0    0.0 
14.25    0.0    0.0    0.0 
14.75    0.0    0.0    0.0 
15.25    0.0    0.0    0.0 
15.75    0.0    0.0    0.0 
16.25    0.0    0.0    0.0 
16.75    0.0    0.0    0.0 
17.25    0.0    0.0    0.0 
17.75    2.0    746.7101502536854    528.0038108252068 
18.25    3.0    1120.065225380528    646.6699593833866 
18.75    2.0    746.7101502536854    528.0038108252068 
19.25    6.0    2240.130450761056    914.529426939244 
19.75    10.0    3733.5507512684267    1180.6524133841017 
20.25    18.0    6720.391352283168    1584.01143247562 
20.75    27.0    10080.587028424752    1940.0098781501601 
21.25    27.0    10080.587028424752    1940.0098781501601 
21.75    42.0    15680.913155327393    2419.617430331654 
22.25    62.0    23148.014657864245    2939.8008013510307 
22.75    71.0    26508.21033400583    3145.945781594288 
23.25    97.0    36215.44228730374    3677.121044503175 
23.75    131.0    48909.514841616394    4273.244152644349 
24.25    158.0    58990.101870041144    4693.000523697959 
24.75    202.99999999999997    75791.08025074906    5319.490996417137 
25.25    314.0    117233.4935898286    6615.868786985779 
25.75    384.0    143368.3488487076    7316.235415513952 
26.25    588.0    219532.7841745835    9053.379431367413 
26.75    813.0    303537.6760781231    10645.531074398068 
27.25    1186.0    442799.1191004354    12857.733018609571 
27.75    1497.0    558912.5474648835    14445.512664771943 
28.25    1657.9999999999998    619022.7145603051    15202.475854277318 
28.75    1403.0    523817.17040296027    13984.627238812172 
29.25    794.0    296443.9296507131    10520.40140040476 
29.75    177.0    66083.84829745116    4967.166208792067 
30.25    45.0    16800.978380707922    2504.541983184484 
30.75    10.0    3733.5507512684267    1180.6524133841017 
31.25    6.0    2240.130450761056    914.529426939244 
31.75    2.0    746.7101502536854    528.0038108252068 
32.25    0.0    0.0    0.0 
32.75    0.0    0.0    0.0 
33.25    0.0    0.0    0.0 
33.75    0.0    0.0    0.0 
34.25    0.0    0.0    0.0 
34.75    0.0    0.0    0.0 
35.25    0.0    0.0    0.0 
35.75    0.0    0.0    0.0 
36.25    0.0    0.0    0.0 
36.75    0.0    0.0    0.0 
37.25    0.0    0.0    0.0 
37.75    0.0    0.0    0.0 
38.25    0.0    0.0    0.0 
38.75    0.0    0.0    0.0 
39.25    0.0    0.0    0.0 
39.75    0.0    0.0    0.0 
