# Area=0.002674456845 sq deg 
# Col 1 = bin center in AB mag 
# Col 2 = N = Number of galaxies 
# Col 3 = N/A = number per sq deg 
# Col 4 = sqrt(N)/A = poisson error in N/A0.25    0.0    0.0    0.0 
0.75    0.0    0.0    0.0 
1.25    0.0    0.0    0.0 
1.75    0.0    0.0    0.0 
2.25    0.0    0.0    0.0 
2.75    0.0    0.0    0.0 
3.25    0.0    0.0    0.0 
3.75    0.0    0.0    0.0 
4.25    0.0    0.0    0.0 
4.75    0.0    0.0    0.0 
5.25    0.0    0.0    0.0 
5.75    0.0    0.0    0.0 
6.25    0.0    0.0    0.0 
6.75    0.0    0.0    0.0 
7.25    0.0    0.0    0.0 
7.75    0.0    0.0    0.0 
8.25    0.0    0.0    0.0 
8.75    0.0    0.0    0.0 
9.25    0.0    0.0    0.0 
9.75    0.0    0.0    0.0 
10.25    0.0    0.0    0.0 
10.75    0.0    0.0    0.0 
11.25    0.0    0.0    0.0 
11.75    0.0    0.0    0.0 
12.25    0.0    0.0    0.0 
12.75    0.0    0.0    0.0 
13.25    0.0    0.0    0.0 
13.75    0.0    0.0    0.0 
14.25    0.0    0.0    0.0 
14.75    0.0    0.0    0.0 
15.25    0.0    0.0    0.0 
15.75    0.0    0.0    0.0 
16.25    0.0    0.0    0.0 
16.75    0.0    0.0    0.0 
17.25    3.9999999999999996    1495.6307885386723    747.8153942693361 
17.75    5.0    1869.5384856733406    836.0830281035212 
18.25    11.0    4112.984668481349    1240.111537621539 
18.75    17.0    6356.430851289358    1541.6609295176945 
19.25    29.0    10843.323216905375    2013.5545717263215 
19.75    38.0    14208.492491117388    2304.921844034831 
20.25    34.0    12712.861702578715    2180.2377951046356 
20.75    43.0    16078.030976790727    2451.8767377239174 
21.25    58.0    21686.64643381075    2847.596183913713 
21.75    89.0    33277.78504498546    3527.4381598991936 
22.25    78.0    29164.80037650411    3302.2633671727267 
22.75    91.0    34025.6004392548    3566.8521000829446 
23.25    140.0    52347.07759885353    4424.135535527488 
23.75    210.0    78520.6163982803    5418.437307478573 
24.25    253.0    94598.64737507103    5947.366004549183 
24.75    340.0    127128.61702578716    6894.5172733141535 
25.25    441.0    164893.29443638862    7852.06163982803 
25.75    630.0    235561.8491948409    9385.008714179594 
26.25    971.9999999999999    363438.28161489737    11657.28831800978 
26.75    1402.0    524218.5913828047    14000.334506686762 
27.25    2378.0    889152.5037862407    18233.512143639182 
27.75    3802.0    1421597.064506008    23055.28322625523 
28.25    3277.0    1225295.5235103073    21404.378699349265 
28.75    565.0    211257.84888108747    8887.684500293153 
29.25    61.00000000000001    22808.369525214755    2920.3124703650446 
29.75    27.0    10095.507822636038    1942.8813863349633 
30.25    12.0    4486.892365616017    1295.254257556642 
30.75    3.9999999999999996    1495.6307885386723    747.8153942693361 
31.25    0.9999999999999999    373.90769713466807    373.90769713466807 
31.75    0.0    0.0    0.0 
32.25    0.0    0.0    0.0 
32.75    0.0    0.0    0.0 
33.25    0.0    0.0    0.0 
33.75    0.0    0.0    0.0 
34.25    0.0    0.0    0.0 
34.75    0.0    0.0    0.0 
35.25    0.0    0.0    0.0 
35.75    0.0    0.0    0.0 
36.25    0.0    0.0    0.0 
36.75    0.0    0.0    0.0 
37.25    0.0    0.0    0.0 
37.75    0.0    0.0    0.0 
38.25    0.0    0.0    0.0 
38.75    0.0    0.0    0.0 
39.25    0.0    0.0    0.0 
39.75    0.0    0.0    0.0 
