# Area=0.002716557169375 sq deg 
# Col 1 = bin center in AB mag 
# Col 2 = N = Number of stars 
# Col 3 = N/A = number per sq deg 
# Col 4 = sqrt(N)/A = poisson error in N/A0.25    0.0    0.0    0.0 
0.75    0.0    0.0    0.0 
1.25    0.0    0.0    0.0 
1.75    0.0    0.0    0.0 
2.25    0.0    0.0    0.0 
2.75    0.0    0.0    0.0 
3.25    0.0    0.0    0.0 
3.75    0.0    0.0    0.0 
4.25    0.0    0.0    0.0 
4.75    0.0    0.0    0.0 
5.25    0.0    0.0    0.0 
5.75    0.0    0.0    0.0 
6.25    0.0    0.0    0.0 
6.75    0.0    0.0    0.0 
7.25    0.0    0.0    0.0 
7.75    0.0    0.0    0.0 
8.25    0.0    0.0    0.0 
8.75    0.0    0.0    0.0 
9.25    0.0    0.0    0.0 
9.75    0.0    0.0    0.0 
10.25    0.0    0.0    0.0 
10.75    0.0    0.0    0.0 
11.25    0.0    0.0    0.0 
11.75    0.0    0.0    0.0 
12.25    0.0    0.0    0.0 
12.75    0.0    0.0    0.0 
13.25    0.0    0.0    0.0 
13.75    0.0    0.0    0.0 
14.25    0.0    0.0    0.0 
14.75    0.0    0.0    0.0 
15.25    0.0    0.0    0.0 
15.75    0.0    0.0    0.0 
16.25    0.0    0.0    0.0 
16.75    0.9999999999999999    368.11299658017896    368.11299658017896 
17.25    0.0    0.0    0.0 
17.75    0.9999999999999999    368.11299658017896    368.11299658017896 
18.25    0.0    0.0    0.0 
18.75    0.0    0.0    0.0 
19.25    0.9999999999999999    368.11299658017896    368.11299658017896 
19.75    0.9999999999999999    368.11299658017896    368.11299658017896 
20.25    0.9999999999999999    368.11299658017896    368.11299658017896 
20.75    0.0    0.0    0.0 
21.25    0.9999999999999999    368.11299658017896    368.11299658017896 
21.75    0.0    0.0    0.0 
22.25    0.0    0.0    0.0 
22.75    0.9999999999999999    368.11299658017896    368.11299658017896 
23.25    0.9999999999999999    368.11299658017896    368.11299658017896 
23.75    0.0    0.0    0.0 
24.25    0.0    0.0    0.0 
24.75    0.0    0.0    0.0 
25.25    3.9999999999999996    1472.4519863207158    736.2259931603579 
25.75    9.0    3313.016969221611    1104.338989740537 
26.25    0.0    0.0    0.0 
26.75    0.0    0.0    0.0 
27.25    0.0    0.0    0.0 
27.75    0.0    0.0    0.0 
28.25    0.0    0.0    0.0 
28.75    0.0    0.0    0.0 
29.25    0.0    0.0    0.0 
29.75    0.0    0.0    0.0 
30.25    0.0    0.0    0.0 
30.75    0.0    0.0    0.0 
31.25    0.0    0.0    0.0 
31.75    0.0    0.0    0.0 
32.25    0.0    0.0    0.0 
32.75    0.0    0.0    0.0 
33.25    0.0    0.0    0.0 
33.75    0.0    0.0    0.0 
34.25    0.0    0.0    0.0 
34.75    0.0    0.0    0.0 
35.25    0.0    0.0    0.0 
35.75    0.0    0.0    0.0 
36.25    0.0    0.0    0.0 
36.75    0.0    0.0    0.0 
37.25    0.0    0.0    0.0 
37.75    0.0    0.0    0.0 
38.25    0.0    0.0    0.0 
38.75    0.0    0.0    0.0 
39.25    0.0    0.0    0.0 
39.75    0.0    0.0    0.0 
