# Area=0.0027641954018750004 sq deg 
# Col 1 = bin center in AB mag 
# Col 2 = N = Number of galaxies 
# Col 3 = N/A = number per sq deg 
# Col 4 = sqrt(N)/A = poisson error in N/A0.25    0.0    0.0    0.0 
0.75    0.0    0.0    0.0 
1.25    0.0    0.0    0.0 
1.75    0.0    0.0    0.0 
2.25    0.0    0.0    0.0 
2.75    0.0    0.0    0.0 
3.25    0.0    0.0    0.0 
3.75    0.0    0.0    0.0 
4.25    0.0    0.0    0.0 
4.75    0.0    0.0    0.0 
5.25    0.0    0.0    0.0 
5.75    0.0    0.0    0.0 
6.25    0.0    0.0    0.0 
6.75    0.0    0.0    0.0 
7.25    0.0    0.0    0.0 
7.75    0.0    0.0    0.0 
8.25    0.0    0.0    0.0 
8.75    0.0    0.0    0.0 
9.25    0.0    0.0    0.0 
9.75    0.0    0.0    0.0 
10.25    0.0    0.0    0.0 
10.75    0.0    0.0    0.0 
11.25    0.0    0.0    0.0 
11.75    0.0    0.0    0.0 
12.25    0.0    0.0    0.0 
12.75    0.0    0.0    0.0 
13.25    0.0    0.0    0.0 
13.75    0.0    0.0    0.0 
14.25    0.0    0.0    0.0 
14.75    0.0    0.0    0.0 
15.25    0.0    0.0    0.0 
15.75    0.0    0.0    0.0 
16.25    0.0    0.0    0.0 
16.75    0.0    0.0    0.0 
17.25    0.0    0.0    0.0 
17.75    1.0    361.7689253522682    361.7689253522682 
18.25    2.0    723.5378507045364    511.6185206783175 
18.75    3.0000000000000004    1085.3067760568047    626.602159309721 
19.25    2.0    723.5378507045364    511.6185206783175 
19.75    7.0    2532.3824774658774    957.1506085531917 
20.25    16.0    5788.302805636291    1447.0757014090727 
20.75    19.0    6873.609581693096    1576.9141865238469 
21.25    25.0    9044.223133806705    1808.844626761341 
21.75    31.0    11214.836685920314    2014.2441301556732 
22.25    54.00000000000001    19535.521969022484    2658.4478157242224 
22.75    72.0    26047.36262536331    3069.7111240699046 
23.25    70.0    25323.824774658773    3026.7759868443272 
23.75    131.0    47391.729221147136    4140.634607269771 
24.25    159.0    57521.25913101064    4561.732576635227 
24.75    194.99999999999997    70544.94044369229    5051.828113995401 
25.25    302.0    109254.21545638499    6286.873636065987 
25.75    414.0    149772.33509583902    7360.908688139086 
26.25    606.0    219231.96876347452    8905.689964422982 
26.75    924.0    334274.4870254958    10996.823266011614 
27.25    1185.0    428696.1765424378    12453.471607964744 
27.75    1414.0    511541.2604481072    13603.666125925633 
28.25    1381.0    499602.8859114824    13443.987471694876 
28.75    974.0    352362.93329310924    11290.436648395007 
29.25    348.0    125895.58602258933    6748.711792778396 
29.75    55.0    19897.29089437475    2682.950156875715 
30.25    22.0    7958.9163577499    1696.8466688866647 
30.75    5.0    1808.844626761341    808.9399092347188 
31.25    2.0    723.5378507045364    511.6185206783175 
31.75    5.0    1808.844626761341    808.9399092347188 
32.25    0.0    0.0    0.0 
32.75    0.0    0.0    0.0 
33.25    0.0    0.0    0.0 
33.75    0.0    0.0    0.0 
34.25    0.0    0.0    0.0 
34.75    0.0    0.0    0.0 
35.25    0.0    0.0    0.0 
35.75    0.0    0.0    0.0 
36.25    0.0    0.0    0.0 
36.75    0.0    0.0    0.0 
37.25    0.0    0.0    0.0 
37.75    0.0    0.0    0.0 
38.25    0.0    0.0    0.0 
38.75    0.0    0.0    0.0 
39.25    0.0    0.0    0.0 
39.75    0.0    0.0    0.0 
